1901	317	-333	46.698507007922
1902	244	-328	21.659558263518658
1903	289	-306	48.241744739671326
1904	256	-294	33.32224247948952
1905	283	-328	43.3322664228014
1906	294	-250	47.0834855681403
1907	283	-350	31.76414576084966
1908	289	-378	28.836573511543136
1909	278	-378	26.565303955402175
1910	294	-372	35.558665794637015
1911	306	-378	30.719045120671563
1912	322	-411	16.801145236855803
1913	300	-372	29.958786491127647
1914	333	-378	29.817932296431838
1915	294	-411	5.098548073625243
1916	278	-289	21.42393787117405
1917	317	-478	22.91685727355901
1918	322	-450	31.36519845111326
1919	378	-428	27.605149653640048
1920	294	-344	43.508667830133795
1921	283	-417	34.13481600366846
1922	278	-400	27.045145686974546
1923	294	-394	26.79247747159462
1924	294	-456	38.289366187903546
1925	317	-378	37.90581319399086
1926	489	-422	38.20033193400371
1927	489	-400	75.80439727065959
1928	378	-239	75.82935442859161
1929	328	-400	94.68796944212622
1930	400	-311	109.43556905819116
